RoughTEOS_02.dat
2025/06/06 14:53:31 - 15:31:03
É∆ : 34.5251 deg
2É∆ : 69.5884 deg
É‘ : 90.3040 deg
É” : 0.0000 deg
Sz : 13.300 mm
Rx : 0.0000 deg
Ry : -0.0233 deg
I0 slit H : 0.10 mm
I0 slit W : 5.00 mm
R1 slit H : 0.10 mm
R1 slit W : 5.00 mm
R2 slit H : 0.10 mm
R2 slit W : 5.00 mm
Scan axis : 2É∆/É∆
Start: 68.5884 deg, End: 70.5884 deg
Step: 0.0100 deg, Time:10.0 sec
Axis (deg),       I (cts),        I0 (cts),         Atten.
   68.5884,             5,       3389.0840,     1.00000E+0
   68.5984,             3,       3385.8774,     1.00000E+0
   68.6084,             6,       3381.0929,     1.00000E+0
   68.6184,             1,       3376.6467,     1.00000E+0
   68.6284,             3,       3381.9034,     1.00000E+0
   68.6384,             4,       3379.3638,     1.00000E+0
   68.6484,             5,       3376.3232,     1.00000E+0
   68.6584,             9,       3373.8370,     1.00000E+0
   68.6684,             4,       3365.5712,     1.00000E+0
   68.6784,             4,       3364.7998,     1.00000E+0
   68.6884,             7,       3369.0717,     1.00000E+0
   68.6984,             7,       3367.4370,     1.00000E+0
   68.7084,             8,       3362.5000,     1.00000E+0
   68.7184,             6,       3366.8665,     1.00000E+0
   68.7284,            10,       3371.7247,     1.00000E+0
   68.7384,            13,       3378.1573,     1.00000E+0
   68.7484,             8,       3375.6638,     1.00000E+0
   68.7584,             8,       3367.8252,     1.00000E+0
   68.7684,             6,       3361.2066,     1.00000E+0
   68.7784,            11,       3352.6262,     1.00000E+0
   68.7884,             9,       3355.0337,     1.00000E+0
   68.7984,            12,       3355.7264,     1.00000E+0
   68.8084,             5,       3361.4123,     1.00000E+0
   68.8184,            14,       3368.1520,     1.00000E+0
   68.8284,            12,       3360.4626,     1.00000E+0
   68.8384,            23,       3355.9085,     1.00000E+0
   68.8484,            13,       3355.4949,     1.00000E+0
   68.8584,            16,       3352.9556,     1.00000E+0
   68.8684,            12,       3356.9282,     1.00000E+0
   68.8784,            15,       3359.1981,     1.00000E+0
   68.8884,            18,       3353.2578,     1.00000E+0
   68.8984,            15,       3352.3252,     1.00000E+0
   68.9084,            20,       3347.0045,     1.00000E+0
   68.9184,            21,       3348.0110,     1.00000E+0
   68.9284,            12,       3352.5042,     1.00000E+0
   68.9384,            31,       3358.0482,     1.00000E+0
   68.9484,            14,       3354.1433,     1.00000E+0
   68.9584,            28,       3343.4433,     1.00000E+0
   68.9684,            26,       3337.0545,     1.00000E+0
   68.9784,            27,       3338.9746,     1.00000E+0
   68.9884,            42,       3337.4587,     1.00000E+0
   68.9984,            31,       3336.3871,     1.00000E+0
   69.0084,            47,       3331.6042,     1.00000E+0
   69.0184,            46,       3321.9567,     1.00000E+0
   69.0284,            47,       3321.5187,     1.00000E+0
   69.0384,            36,       3335.1102,     1.00000E+0
   69.0484,            40,       3341.3425,     1.00000E+0
   69.0584,            52,       3336.0190,     1.00000E+0
   69.0684,            64,       3328.3077,     1.00000E+0
   69.0784,            48,       3326.2375,     1.00000E+0
   69.0884,            81,       3330.8904,     1.00000E+0
   69.0984,            82,       3330.2582,     1.00000E+0
   69.1084,            86,       3325.7884,     1.00000E+0
   69.1184,            94,       3317.4505,     1.00000E+0
   69.1284,            92,       3307.9997,     1.00000E+0
   69.1384,            82,       3307.7791,     1.00000E+0
   69.1484,           119,       3311.4752,     1.00000E+0
   69.1584,           121,       3310.0461,     1.00000E+0
   69.1684,           120,       3305.2813,     1.00000E+0
   69.1784,           143,       3307.2978,     1.00000E+0
   69.1884,           154,       3311.4269,     1.00000E+0
   69.1984,           176,       3315.0125,     1.00000E+0
   69.2084,           224,       3311.1958,     1.00000E+0
   69.2184,           209,       3307.3675,     1.00000E+0
   69.2284,           242,       3300.4046,     1.00000E+0
   69.2384,           249,       3290.5533,     1.00000E+0
   69.2484,           305,       3283.8230,     1.00000E+0
   69.2584,           286,       3284.4126,     1.00000E+0
   69.2684,           318,       3296.4769,     1.00000E+0
   69.2784,           356,       3297.0678,     1.00000E+0
   69.2884,           458,       3296.4467,     1.00000E+0
   69.2984,           443,       3294.3561,     1.00000E+0
   69.3084,           529,       3289.8074,     1.00000E+0
   69.3184,           599,       3285.6749,     1.00000E+0
   69.3284,           674,       3283.0125,     1.00000E+0
   69.3384,           702,       3292.8248,     1.00000E+0
   69.3484,           840,       3290.3468,     1.00000E+0
   69.3584,           959,       3283.5820,     1.00000E+0
   69.3684,          1120,       3277.0579,     1.00000E+0
   69.3784,          1224,       3276.3438,     1.00000E+0
   69.3884,          1483,       3280.9864,     1.00000E+0
   69.3984,          1768,       3277.9808,     1.00000E+0
   69.4084,          2042,       3275.1224,     1.00000E+0
   69.4184,          2422,       3273.1700,     1.00000E+0
   69.4284,          2824,       3277.8557,     1.00000E+0
   69.4384,          3401,       3276.6901,     1.00000E+0
   69.4484,          4373,       3267.7925,     1.00000E+0
   69.4584,          5211,       3256.9201,     1.00000E+0
   69.4684,          6537,       3252.0145,     1.00000E+0
   69.4784,          8674,       3261.0512,     1.00000E+0
   69.4884,         11229,       3260.7592,     1.00000E+0
   69.4984,         15337,       3256.9263,     1.00000E+0
   69.5084,         21431,       3253.9942,     1.00000E+0
   69.5184,         31769,       3255.0207,     1.00000E+0
   69.5284,         49402,       3259.6769,     1.00000E+0
   69.5384,         83054,       3261.7210,     1.00000E+0
   69.5484,        156964,       3256.4035,     1.00000E+0
   69.5584,        351222,       3248.5316,     1.00000E+0
   69.5684,       1099547,       3248.9336,     1.00000E+0
   69.5784,       6516148,       3252.8674,     1.00000E+0
   69.5884,      19760775,       3248.6410,     1.00000E+0
   69.5984,       6825247,       3242.4235,     1.00000E+0
   69.6084,       1080733,       3239.0908,     1.00000E+0
   69.6184,        289353,       3240.5878,     1.00000E+0
   69.6284,        112013,       3240.6166,     1.00000E+0
   69.6384,         51785,       3238.9574,     1.00000E+0
   69.6484,         27211,       3234.8892,     1.00000E+0
   69.6584,         16047,       3233.3514,     1.00000E+0
   69.6684,         10063,       3233.0673,     1.00000E+0
   69.6784,          6435,       3234.6752,     1.00000E+0
   69.6884,          4561,       3241.6024,     1.00000E+0
   69.6984,          3212,       3240.2675,     1.00000E+0
   69.7084,          2222,       3232.6092,     1.00000E+0
   69.7184,          1580,       3225.5078,     1.00000E+0
   69.7284,          1247,       3224.3374,     1.00000E+0
   69.7384,           973,       3226.2034,     1.00000E+0
   69.7484,           733,       3231.9525,     1.00000E+0
   69.7584,           623,       3240.9645,     1.00000E+0
   69.7684,           508,       3240.5555,     1.00000E+0
   69.7784,           396,       3231.3609,     1.00000E+0
   69.7884,           365,       3219.2494,     1.00000E+0
   69.7984,           250,       3209.0266,     1.00000E+0
   69.8084,           239,       3207.9418,     1.00000E+0
   69.8184,           203,       3219.7352,     1.00000E+0
   69.8284,           169,       3227.8694,     1.00000E+0
   69.8384,           149,       3229.3181,     1.00000E+0
   69.8484,           136,       3224.0192,     1.00000E+0
   69.8584,           115,       3219.3145,     1.00000E+0
   69.8684,            91,       3213.7988,     1.00000E+0
   69.8784,            86,       3210.9788,     1.00000E+0
   69.8884,           113,       3210.4988,     1.00000E+0
   69.8984,            71,       3208.7612,     1.00000E+0
   69.9084,            59,       3206.2230,     1.00000E+0
   69.9184,            59,       3204.0025,     1.00000E+0
   69.9284,            44,       3207.1362,     1.00000E+0
   69.9384,            53,       3206.1037,     1.00000E+0
   69.9484,            41,       3204.7103,     1.00000E+0
   69.9584,            30,       3203.0555,     1.00000E+0
   69.9684,            43,       3202.7885,     1.00000E+0
   69.9784,            20,       3201.9251,     1.00000E+0
   69.9884,            29,       3198.8155,     1.00000E+0
   69.9984,            30,       3200.3365,     1.00000E+0
   70.0084,            18,       3198.6120,     1.00000E+0
   70.0184,            23,       3194.9377,     1.00000E+0
   70.0284,            24,       3195.4796,     1.00000E+0
   70.0384,            15,       3197.6432,     1.00000E+0
   70.0484,            14,       3192.2291,     1.00000E+0
   70.0584,            18,       3184.9641,     1.00000E+0
   70.0684,             9,       3187.3005,     1.00000E+0
   70.0784,             8,       3190.0415,     1.00000E+0
   70.0884,            13,       3188.0708,     1.00000E+0
   70.0984,             7,       3178.3396,     1.00000E+0
   70.1084,            16,       3175.2110,     1.00000E+0
   70.1184,            19,       3174.5771,     1.00000E+0
   70.1284,            11,       3171.4925,     1.00000E+0
   70.1384,             8,       3169.7194,     1.00000E+0
   70.1484,             9,       3169.6261,     1.00000E+0
   70.1584,            11,       3174.5290,     1.00000E+0
   70.1684,             7,       3174.4257,     1.00000E+0
   70.1784,             6,       3173.4039,     1.00000E+0
   70.1884,            13,       3179.7455,     1.00000E+0
   70.1984,             9,       3179.9980,     1.00000E+0
   70.2084,             3,       3169.7231,     1.00000E+0
   70.2184,             7,       3160.6716,     1.00000E+0
   70.2284,             5,       3155.9276,     1.00000E+0
   70.2384,             4,       3154.2857,     1.00000E+0
   70.2484,             4,       3157.3017,     1.00000E+0
   70.2584,             9,       3158.1029,     1.00000E+0
   70.2684,             4,       3154.0175,     1.00000E+0
   70.2784,             5,       3151.1262,     1.00000E+0
   70.2884,             5,       3150.0926,     1.00000E+0
   70.2984,             2,       3150.7668,     1.00000E+0
   70.3084,             4,       3149.7332,     1.00000E+0
   70.3184,             4,       3146.5699,     1.00000E+0
   70.3284,             2,       3145.5588,     1.00000E+0
   70.3384,             6,       3146.2109,     1.00000E+0
   70.3484,             3,       3149.1243,     1.00000E+0
   70.3584,             4,       3147.5594,     1.00000E+0
   70.3684,             3,       3144.6546,     1.00000E+0
   70.3784,             3,       3145.4349,     1.00000E+0
   70.3884,             2,       3143.4161,     1.00000E+0
   70.3984,             4,       3140.3263,     1.00000E+0
   70.4084,             4,       3136.0122,     1.00000E+0
   70.4184,             3,       3136.4602,     1.00000E+0
   70.4284,             1,       3131.8442,     1.00000E+0
   70.4384,             6,       3124.6823,     1.00000E+0
   70.4484,             1,       3120.5613,     1.00000E+0
   70.4584,             1,       3118.6784,     1.00000E+0
   70.4684,             2,       3125.5697,     1.00000E+0
   70.4784,             2,       3133.3020,     1.00000E+0
   70.4884,             3,       3135.4378,     1.00000E+0
   70.4984,             2,       3130.6475,     1.00000E+0
   70.5084,             2,       3124.2438,     1.00000E+0
   70.5184,             5,       3113.0266,     1.00000E+0
   70.5284,             2,       3111.0066,     1.00000E+0
   70.5384,             1,       3110.7173,     1.00000E+0
   70.5484,             2,       3112.0680,     1.00000E+0
   70.5584,             5,       3113.6517,     1.00000E+0
   70.5684,             1,       3119.3050,     1.00000E+0
   70.5784,             0,       3114.3961,     1.00000E+0
   70.5884,             4,       3112.5377,     1.00000E+0
