Si_Thermo_01.dat
2025/06/06 10:35:40 - 11:13:11
ƒÆ : 35.1374 deg
2ƒÆ : 69.5929 deg
ƒÔ : 90.2177 deg
ƒÓ : 0.0000 deg
Sz : 13.266 mm
Rx : 0.0000 deg
Ry : 0.0087 deg
I0 slit H : 0.10 mm
I0 slit W : 5.00 mm
R1 slit H : 0.10 mm
R1 slit W : 5.00 mm
R2 slit H : 0.10 mm
R2 slit W : 5.00 mm
Scan axis : 2ƒÆ/ƒÆ
Start: 68.5929 deg, End: 70.5929 deg
Step: 0.0100 deg, Time:10.0 sec
Axis (deg),       I (cts),        I0 (cts),         Atten.
   68.5929,            17,       4815.8486,     1.00000E+0
   68.6029,             9,       4820.0912,     1.00000E+0
   68.6129,             9,       4823.7959,     1.00000E+0
   68.6229,            27,       4814.1087,     1.00000E+0
   68.6329,            19,       4810.9444,     1.00000E+0
   68.6429,             7,       4797.8720,     1.00000E+0
   68.6529,            10,       4794.9987,     1.00000E+0
   68.6629,            14,       4789.5208,     1.00000E+0
   68.6729,            11,       4791.6451,     1.00000E+0
   68.6829,            15,       4792.0735,     1.00000E+0
   68.6929,            12,       4794.8016,     1.00000E+0
   68.7029,            17,       4794.6000,     1.00000E+0
   68.7129,            17,       4789.2301,     1.00000E+0
   68.7229,            14,       4781.2246,     1.00000E+0
   68.7329,            10,       4774.9130,     1.00000E+0
   68.7429,            19,       4772.7745,     1.00000E+0
   68.7529,            22,       4777.6394,     1.00000E+0
   68.7629,            16,       4782.9337,     1.00000E+0
   68.7729,            16,       4772.5833,     1.00000E+0
   68.7829,            13,       4763.9170,     1.00000E+0
   68.7929,            22,       4758.2208,     1.00000E+0
   68.8029,            11,       4754.9972,     1.00000E+0
   68.8129,            17,       4754.2121,     1.00000E+0
   68.8229,            21,       4753.6473,     1.00000E+0
   68.8329,            25,       4754.9427,     1.00000E+0
   68.8429,            12,       4752.6464,     1.00000E+0
   68.8529,            17,       4746.5307,     1.00000E+0
   68.8629,            15,       4743.8847,     1.00000E+0
   68.8729,            17,       4753.1374,     1.00000E+0
   68.8829,            16,       4753.7763,     1.00000E+0
   68.8929,             9,       4747.2317,     1.00000E+0
   68.9029,            17,       4735.3848,     1.00000E+0
   68.9129,            13,       4731.7168,     1.00000E+0
   68.9229,            18,       4729.2408,     1.00000E+0
   68.9329,            16,       4726.3643,     1.00000E+0
   68.9429,            15,       4727.8238,     1.00000E+0
   68.9529,            17,       4724.5254,     1.00000E+0
   68.9629,            23,       4721.1032,     1.00000E+0
   68.9729,            22,       4718.1806,     1.00000E+0
   68.9829,            24,       4715.4571,     1.00000E+0
   68.9929,            27,       4719.0615,     1.00000E+0
   69.0029,            19,       4718.0303,     1.00000E+0
   69.0129,            24,       4713.5310,     1.00000E+0
   69.0229,            35,       4711.8487,     1.00000E+0
   69.0329,            34,       4714.4433,     1.00000E+0
   69.0429,            37,       4716.1999,     1.00000E+0
   69.0529,            31,       4706.6216,     1.00000E+0
   69.0629,            36,       4693.9922,     1.00000E+0
   69.0729,            54,       4692.5535,     1.00000E+0
   69.0829,            39,       4692.3672,     1.00000E+0
   69.0929,            52,       4686.6972,     1.00000E+0
   69.1029,            47,       4688.6938,     1.00000E+0
   69.1129,            56,       4685.1772,     1.00000E+0
   69.1229,            65,       4684.9710,     1.00000E+0
   69.1329,            84,       4684.6152,     1.00000E+0
   69.1429,            79,       4684.8551,     1.00000E+0
   69.1529,            75,       4688.5886,     1.00000E+0
   69.1629,            84,       4685.3016,     1.00000E+0
   69.1729,            98,       4675.5956,     1.00000E+0
   69.1829,           108,       4666.8540,     1.00000E+0
   69.1929,           124,       4661.2643,     1.00000E+0
   69.2029,           144,       4665.7484,     1.00000E+0
   69.2129,           146,       4672.0611,     1.00000E+0
   69.2229,           171,       4666.4557,     1.00000E+0
   69.2329,           182,       4660.8605,     1.00000E+0
   69.2429,           198,       4661.7202,     1.00000E+0
   69.2529,           179,       4658.6796,     1.00000E+0
   69.2629,           212,       4652.3382,     1.00000E+0
   69.2729,           227,       4649.5472,     1.00000E+0
   69.2829,           256,       4650.1938,     1.00000E+0
   69.2929,           279,       4648.0010,     1.00000E+0
   69.3029,           332,       4641.1458,     1.00000E+0
   69.3129,           336,       4643.0932,     1.00000E+0
   69.3229,           411,       4645.3597,     1.00000E+0
   69.3329,           437,       4644.9759,     1.00000E+0
   69.3429,           434,       4640.6704,     1.00000E+0
   69.3529,           473,       4639.5208,     1.00000E+0
   69.3629,           566,       4632.3584,     1.00000E+0
   69.3729,           618,       4626.8651,     1.00000E+0
   69.3829,           725,       4622.1511,     1.00000E+0
   69.3929,           816,       4615.7004,     1.00000E+0
   69.4029,           880,       4620.0383,     1.00000E+0
   69.4129,           986,       4618.8567,     1.00000E+0
   69.4229,          1225,       4618.0617,     1.00000E+0
   69.4329,          1395,       4617.5386,     1.00000E+0
   69.4429,          1576,       4618.9838,     1.00000E+0
   69.4529,          1654,       4611.0183,     1.00000E+0
   69.4629,          2060,       4605.1028,     1.00000E+0
   69.4729,          2455,       4601.1740,     1.00000E+0
   69.4829,          3139,       4599.0684,     1.00000E+0
   69.4929,          3893,       4601.1388,     1.00000E+0
   69.5029,          4831,       4598.6518,     1.00000E+0
   69.5129,          6525,       4597.3395,     1.00000E+0
   69.5229,          8735,       4596.0486,     1.00000E+0
   69.5329,         12006,       4596.2579,     1.00000E+0
   69.5429,         17553,       4596.9268,     1.00000E+0
   69.5529,         28492,       4589.6933,     1.00000E+0
   69.5629,         54883,       4583.9002,     1.00000E+0
   69.5729,        163896,       4577.2022,     1.00000E+0
   69.5829,       3265801,       4575.8636,     1.00000E+0
   69.5929,      10193202,       4573.8727,     1.00000E+0
   69.6029,       3200508,       4574.6257,     1.00000E+0
   69.6129,        148269,       4574.0033,     1.00000E+0
   69.6229,         56015,       4572.0794,     1.00000E+0
   69.6329,         30006,       4571.1510,     1.00000E+0
   69.6429,         18619,       4566.7517,     1.00000E+0
   69.6529,         12708,       4561.9634,     1.00000E+0
   69.6629,          9375,       4559.1905,     1.00000E+0
   69.6729,          7292,       4560.5284,     1.00000E+0
   69.6829,          5774,       4555.9823,     1.00000E+0
   69.6929,          4775,       4549.6218,     1.00000E+0
   69.7029,          3978,       4549.4335,     1.00000E+0
   69.7129,          3276,       4549.9566,     1.00000E+0
   69.7229,          2666,       4549.3754,     1.00000E+0
   69.7329,          2457,       4549.8060,     1.00000E+0
   69.7429,          2062,       4544.7777,     1.00000E+0
   69.7529,          1857,       4534.7977,     1.00000E+0
   69.7629,          1656,       4526.9100,     1.00000E+0
   69.7729,          1438,       4529.9892,     1.00000E+0
   69.7829,          1283,       4540.9587,     1.00000E+0
   69.7929,          1155,       4548.7281,     1.00000E+0
   69.8029,          1066,       4541.7120,     1.00000E+0
   69.8129,           975,       4528.3088,     1.00000E+0
   69.8229,           863,       4516.1889,     1.00000E+0
   69.8329,           839,       4519.4915,     1.00000E+0
   69.8429,           786,       4516.6476,     1.00000E+0
   69.8529,           656,       4520.3966,     1.00000E+0
   69.8629,           630,       4518.3960,     1.00000E+0
   69.8729,           645,       4510.4490,     1.00000E+0
   69.8829,           607,       4506.6204,     1.00000E+0
   69.8929,           524,       4502.7285,     1.00000E+0
   69.9029,           483,       4504.2965,     1.00000E+0
   69.9129,           476,       4507.7098,     1.00000E+0
   69.9229,           436,       4498.8077,     1.00000E+0
   69.9329,           425,       4490.9875,     1.00000E+0
   69.9429,           372,       4490.9865,     1.00000E+0
   69.9529,           349,       4490.6721,     1.00000E+0
   69.9629,           350,       4498.7148,     1.00000E+0
   69.9729,           360,       4492.6812,     1.00000E+0
   69.9829,           325,       4490.0217,     1.00000E+0
   69.9929,           305,       4492.0169,     1.00000E+0
   70.0029,           290,       4491.4522,     1.00000E+0
   70.0129,           292,       4480.7604,     1.00000E+0
   70.0229,           245,       4471.6633,     1.00000E+0
   70.0329,           239,       4461.8892,     1.00000E+0
   70.0429,           231,       4464.0226,     1.00000E+0
   70.0529,           214,       4470.0638,     1.00000E+0
   70.0629,           218,       4474.2543,     1.00000E+0
   70.0729,           216,       4478.6436,     1.00000E+0
   70.0829,           187,       4471.5420,     1.00000E+0
   70.0929,           196,       4461.5222,     1.00000E+0
   70.1029,           169,       4454.9506,     1.00000E+0
   70.1129,           204,       4451.0849,     1.00000E+0
   70.1229,           153,       4457.1946,     1.00000E+0
   70.1329,           155,       4457.4023,     1.00000E+0
   70.1429,           138,       4450.4776,     1.00000E+0
   70.1529,           150,       4451.2710,     1.00000E+0
   70.1629,           132,       4449.5425,     1.00000E+0
   70.1729,           142,       4444.2674,     1.00000E+0
   70.1829,           137,       4445.1985,     1.00000E+0
   70.1929,           114,       4445.3547,     1.00000E+0
   70.2029,           131,       4445.8943,     1.00000E+0
   70.2129,           112,       4434.7821,     1.00000E+0
   70.2229,           106,       4428.6169,     1.00000E+0
   70.2329,            91,       4429.0323,     1.00000E+0
   70.2429,            96,       4431.8089,     1.00000E+0
   70.2529,            96,       4435.6741,     1.00000E+0
   70.2629,            98,       4435.9458,     1.00000E+0
   70.2729,           115,       4427.9192,     1.00000E+0
   70.2829,            90,       4423.7599,     1.00000E+0
   70.2929,           106,       4415.6806,     1.00000E+0
   70.3029,            84,       4409.0931,     1.00000E+0
   70.3129,            78,       4410.6062,     1.00000E+0
   70.3229,            75,       4413.6456,     1.00000E+0
   70.3329,            64,       4411.5320,     1.00000E+0
   70.3429,            76,       4411.1122,     1.00000E+0
   70.3529,            67,       4413.2084,     1.00000E+0
   70.3629,            56,       4404.4162,     1.00000E+0
   70.3729,            59,       4399.8718,     1.00000E+0
   70.3829,            64,       4398.7090,     1.00000E+0
   70.3929,            57,       4398.4425,     1.00000E+0
   70.4029,            68,       4397.2710,     1.00000E+0
   70.4129,            51,       4398.4520,     1.00000E+0
   70.4229,            41,       4391.9762,     1.00000E+0
   70.4329,            54,       4391.4205,     1.00000E+0
   70.4429,            47,       4387.0173,     1.00000E+0
   70.4529,            44,       4384.7100,     1.00000E+0
   70.4629,            50,       4382.8917,     1.00000E+0
   70.4729,            41,       4382.2983,     1.00000E+0
   70.4829,            27,       4382.8638,     1.00000E+0
   70.4929,            38,       4378.2242,     1.00000E+0
   70.5029,            32,       4378.5051,     1.00000E+0
   70.5129,            38,       4371.3616,     1.00000E+0
   70.5229,            37,       4370.3353,     1.00000E+0
   70.5329,            35,       4369.8110,     1.00000E+0
   70.5429,            27,       4368.9894,     1.00000E+0
   70.5529,            32,       4363.2268,     1.00000E+0
   70.5629,            29,       4354.6965,     1.00000E+0
   70.5729,            29,       4356.0397,     1.00000E+0
   70.5829,            30,       4356.1687,     1.00000E+0
   70.5929,            32,       4358.6857,     1.00000E+0
